chainmtm 1 1 80 0 8000000 4 1  30396
chainmtm 2 1 80 0 8000000 4 1  30445
chainmtm 3 1 80 0 8000000 4 1  29939
chainmtm 4 2 80 0 8000000 4 1  12021
chainmtm 5 2 80 0 8000000 4 1  11969
chainmtm 6 2 80 0 8000000 4 1  10964
chainmtm 7 4 80 0 8000000 4 1  8192
chainmtm 8 4 80 0 8000000 4 1  8116
chainmtm 9 4 80 0 8000000 4 1  7048
chainmtm 10 8 80 0 8000000 4 1  5788
chainmtm 11 8 80 0 8000000 4 1  3453
chainmtm 12 8 80 0 8000000 4 1  5788
chainmtm 13 16 80 0 8000000 4 1  2592
chainmtm 14 16 80 0 8000000 4 1  2611
chainmtm 15 16 80 0 8000000 4 1  2576
chainmtm 16 32 80 0 8000000 4 1  3135
chainmtm 17 32 80 0 8000000 4 1  3094
chainmtm 18 32 80 0 8000000 4 1  3103
chainmtm 19 1 40 0 8000000 4 1  70973
chainmtm 20 1 40 0 8000000 4 1  60769
chainmtm 21 1 40 0 8000000 4 1  60865
chainmtm 22 2 40 0 8000000 4 1  29928
chainmtm 23 2 40 0 8000000 4 1  24864
chainmtm 24 2 40 0 8000000 4 1  24508
chainmtm 25 4 40 0 8000000 4 1  12653
chainmtm 26 4 40 0 8000000 4 1  20282
chainmtm 27 4 40 0 8000000 4 1  19947
chainmtm 28 8 40 0 8000000 4 1  12542
chainmtm 29 8 40 0 8000000 4 1  8956
chainmtm 30 8 40 0 8000000 4 1  13119
chainmtm 31 16 40 0 8000000 4 1  7482
chainmtm 32 16 40 0 8000000 4 1  7586
chainmtm 33 16 40 0 8000000 4 1  7696
chainmtm 34 32 40 0 8000000 4 1  7629
chainmtm 35 32 40 0 8000000 4 1  7612
chainmtm 36 32 40 0 8000000 4 1  7728
chainmtm 37 1 10 0 8000000 4 1  120051
chainmtm 38 1 10 0 8000000 4 1  115280
chainmtm 39 1 10 0 8000000 4 1  115436
chainmtm 40 2 10 0 8000000 4 1  85795
chainmtm 41 2 10 0 8000000 4 1  86411
chainmtm 42 2 10 0 8000000 4 1  86327
chainmtm 43 4 10 0 8000000 4 1  88501
chainmtm 44 4 10 0 8000000 4 1  88949
chainmtm 45 4 10 0 8000000 4 1  88251
chainmtm 46 8 10 0 8000000 4 1  46995
chainmtm 47 8 10 0 8000000 4 1  63202
chainmtm 48 8 10 0 8000000 4 1  40481
chainmtm 49 16 10 0 8000000 4 1  37763
chainmtm 50 16 10 0 8000000 4 1  38560
chainmtm 51 16 10 0 8000000 4 1  36724
chainmtm 52 32 10 0 8000000 4 1  34229
chainmtm 53 32 10 0 8000000 4 1  33955
chainmtm 54 32 10 0 8000000 4 1  34225
chainmtm 55 1 0 0 8000000 4 1  162016
chainmtm 56 1 0 0 8000000 4 1  162364
chainmtm 57 1 0 0 8000000 4 1  161477
chainmtm 58 2 0 0 8000000 4 1  365061
chainmtm 59 2 0 0 8000000 4 1  365298
chainmtm 60 2 0 0 8000000 4 1  360621
chainmtm 61 4 0 0 8000000 4 1  659635
chainmtm 62 4 0 0 8000000 4 1  666164
chainmtm 63 4 0 0 8000000 4 1  582133
chainmtm 64 8 0 0 8000000 4 1  1139767
chainmtm 65 8 0 0 8000000 4 1  1142619
chainmtm 66 8 0 0 8000000 4 1  1140467
chainmtm 67 16 0 0 8000000 4 1  2033541
chainmtm 68 16 0 0 8000000 4 1  1926518
chainmtm 69 16 0 0 8000000 4 1  2132905
chainmtm 70 32 0 0 8000000 4 1  2331296
chainmtm 71 32 0 0 8000000 4 1  2388554
chainmtm 72 32 0 0 8000000 4 1  2381475
chainmtm 73 1 80 13 8000000 4 1  10170
chainmtm 74 1 80 13 8000000 4 1  10171
chainmtm 75 1 80 13 8000000 4 1  10042
chainmtm 76 2 80 13 8000000 4 1  10247
chainmtm 77 2 80 13 8000000 4 1  10091
chainmtm 78 2 80 13 8000000 4 1  7966
chainmtm 79 4 80 13 8000000 4 1  9986
chainmtm 80 4 80 13 8000000 4 1  9960
chainmtm 81 4 80 13 8000000 4 1  9973
chainmtm 82 8 80 13 8000000 4 1  7478
chainmtm 83 8 80 13 8000000 4 1  10295
chainmtm 84 8 80 13 8000000 4 1  10291
chainmtm 85 16 80 13 8000000 4 1  8085
chainmtm 86 16 80 13 8000000 4 1  7127
chainmtm 87 16 80 13 8000000 4 1  7193
chainmtm 88 32 80 13 8000000 4 1  12036
chainmtm 89 32 80 13 8000000 4 1  12245
chainmtm 90 32 80 13 8000000 4 1  12239
chainmtm 91 1 40 13 8000000 4 1  18542
chainmtm 92 1 40 13 8000000 4 1  18595
chainmtm 93 1 40 13 8000000 4 1  18547
chainmtm 94 2 40 13 8000000 4 1  24750
chainmtm 95 2 40 13 8000000 4 1  23584
chainmtm 96 2 40 13 8000000 4 1  25745
chainmtm 97 4 40 13 8000000 4 1  24684
chainmtm 98 4 40 13 8000000 4 1  24392
chainmtm 99 4 40 13 8000000 4 1  14481
chainmtm 100 8 40 13 8000000 4 1  25491
chainmtm 101 8 40 13 8000000 4 1  22591
chainmtm 102 8 40 13 8000000 4 1  25439
chainmtm 103 16 40 13 8000000 4 1  19381
chainmtm 104 16 40 13 8000000 4 1  19958
chainmtm 105 16 40 13 8000000 4 1  19444
chainmtm 106 32 40 13 8000000 4 1  29300
chainmtm 107 32 40 13 8000000 4 1  30374
chainmtm 108 32 40 13 8000000 4 1  30422
chainmtm 109 1 10 13 8000000 4 1  18620
chainmtm 110 1 10 13 8000000 4 1  16383
chainmtm 111 1 10 13 8000000 4 1  14880
chainmtm 112 2 10 13 8000000 4 1  30408
chainmtm 113 2 10 13 8000000 4 1  32067
chainmtm 114 2 10 13 8000000 4 1  31833
chainmtm 115 4 10 13 8000000 4 1  48492
chainmtm 116 4 10 13 8000000 4 1  51922
chainmtm 117 4 10 13 8000000 4 1  51600
chainmtm 118 8 10 13 8000000 4 1  73552
chainmtm 119 8 10 13 8000000 4 1  52968
chainmtm 120 8 10 13 8000000 4 1  64427
chainmtm 121 16 10 13 8000000 4 1  60212
chainmtm 122 16 10 13 8000000 4 1  57361
chainmtm 123 16 10 13 8000000 4 1  56948
chainmtm 124 32 10 13 8000000 4 1  88456
chainmtm 125 32 10 13 8000000 4 1  88143
chainmtm 126 32 10 13 8000000 4 1  88134
chainmtm 127 1 0 13 8000000 4 1  22422
chainmtm 128 1 0 13 8000000 4 1  22769
chainmtm 129 1 0 13 8000000 4 1  13479
chainmtm 130 2 0 13 8000000 4 1  44215
chainmtm 131 2 0 13 8000000 4 1  42063
chainmtm 132 2 0 13 8000000 4 1  44156
chainmtm 133 4 0 13 8000000 4 1  85486
chainmtm 134 4 0 13 8000000 4 1  86114
chainmtm 135 4 0 13 8000000 4 1  85699
chainmtm 136 8 0 13 8000000 4 1  134804
chainmtm 137 8 0 13 8000000 4 1  158445
chainmtm 138 8 0 13 8000000 4 1  150079
chainmtm 139 16 0 13 8000000 4 1  222800
chainmtm 140 16 0 13 8000000 4 1  214037
chainmtm 141 16 0 13 8000000 4 1  224289
chainmtm 142 32 0 13 8000000 4 1  308452
chainmtm 143 32 0 13 8000000 4 1  309650
chainmtm 144 32 0 13 8000000 4 1  304239
chainmtm 145 1 80 50 8000000 4 1  7102
chainmtm 146 1 80 50 8000000 4 1  5979
chainmtm 147 1 80 50 8000000 4 1  7160
chainmtm 148 2 80 50 8000000 4 1  7819
chainmtm 149 2 80 50 8000000 4 1  8403
chainmtm 150 2 80 50 8000000 4 1  8257
chainmtm 151 4 80 50 8000000 4 1  8896
chainmtm 152 4 80 50 8000000 4 1  9144
chainmtm 153 4 80 50 8000000 4 1  8957
chainmtm 154 8 80 50 8000000 4 1  9197
chainmtm 155 8 80 50 8000000 4 1  8579
chainmtm 156 8 80 50 8000000 4 1  8927
chainmtm 157 16 80 50 8000000 4 1  9677
chainmtm 158 16 80 50 8000000 4 1  9609
chainmtm 159 16 80 50 8000000 4 1  10543
chainmtm 160 32 80 50 8000000 4 1  12052
chainmtm 161 32 80 50 8000000 4 1  12043
chainmtm 162 32 80 50 8000000 4 1  12178
chainmtm 163 1 40 50 8000000 4 1  10179
chainmtm 164 1 40 50 8000000 4 1  8739
chainmtm 165 1 40 50 8000000 4 1  10345
chainmtm 166 2 40 50 8000000 4 1  13548
chainmtm 167 2 40 50 8000000 4 1  13853
chainmtm 168 2 40 50 8000000 4 1  14879
chainmtm 169 4 40 50 8000000 4 1  18401
chainmtm 170 4 40 50 8000000 4 1  18302
chainmtm 171 4 40 50 8000000 4 1  18127
chainmtm 172 8 40 50 8000000 4 1  22802
chainmtm 173 8 40 50 8000000 4 1  23932
chainmtm 174 8 40 50 8000000 4 1  23915
chainmtm 175 16 40 50 8000000 4 1  23922
chainmtm 176 16 40 50 8000000 4 1  24705
chainmtm 177 16 40 50 8000000 4 1  24033
chainmtm 178 32 40 50 8000000 4 1  27550
chainmtm 179 32 40 50 8000000 4 1  24675
chainmtm 180 32 40 50 8000000 4 1  1812
chainmtm 181 1 10 50 8000000 4 1  13275
chainmtm 182 1 10 50 8000000 4 1  12887
chainmtm 183 1 10 50 8000000 4 1  13164
chainmtm 184 2 10 50 8000000 4 1  21989
chainmtm 185 2 10 50 8000000 4 1  21616
chainmtm 186 2 10 50 8000000 4 1  22807
chainmtm 187 4 10 50 8000000 4 1  39957
chainmtm 188 4 10 50 8000000 4 1  40587
chainmtm 189 4 10 50 8000000 4 1  40766
chainmtm 190 8 10 50 8000000 4 1  63566
chainmtm 191 8 10 50 8000000 4 1  63401
chainmtm 192 8 10 50 8000000 4 1  63439
chainmtm 193 16 10 50 8000000 4 1  64790
chainmtm 194 16 10 50 8000000 4 1  63967
chainmtm 195 16 10 50 8000000 4 1  66364
chainmtm 196 32 10 50 8000000 4 1  80468
chainmtm 197 32 10 50 8000000 4 1  77889
chainmtm 198 32 10 50 8000000 4 1  80102
chainmtm 199 1 0 50 8000000 4 1  14342
chainmtm 200 1 0 50 8000000 4 1  14142
chainmtm 201 1 0 50 8000000 4 1  14253
chainmtm 202 2 0 50 8000000 4 1  28118
chainmtm 203 2 0 50 8000000 4 1  31168
chainmtm 204 2 0 50 8000000 4 1  31282
chainmtm 205 4 0 50 8000000 4 1  60287
chainmtm 206 4 0 50 8000000 4 1  60581
chainmtm 207 4 0 50 8000000 4 1  60441
chainmtm 208 8 0 50 8000000 4 1  101260
chainmtm 209 8 0 50 8000000 4 1  105514
chainmtm 210 8 0 50 8000000 4 1  97077
chainmtm 211 16 0 50 8000000 4 1  152191
chainmtm 212 16 0 50 8000000 4 1  155398
chainmtm 213 16 0 50 8000000 4 1  152471
chainmtm 214 32 0 50 8000000 4 1  221971
chainmtm 215 32 0 50 8000000 4 1  224633
chainmtm 216 32 0 50 8000000 4 1  221031
chainmtm 217 1 80 95 8000000 4 1  6288
chainmtm 218 1 80 95 8000000 4 1  2804
chainmtm 219 1 80 95 8000000 4 1  6311
chainmtm 220 2 80 95 8000000 4 1  6701
chainmtm 221 2 80 95 8000000 4 1  6364
chainmtm 222 2 80 95 8000000 4 1  6398
chainmtm 223 4 80 95 8000000 4 1  6810
chainmtm 224 4 80 95 8000000 4 1  7209
chainmtm 225 4 80 95 8000000 4 1  6449
chainmtm 226 8 80 95 8000000 4 1  7697
chainmtm 227 8 80 95 8000000 4 1  9065
chainmtm 228 8 80 95 8000000 4 1  7208
chainmtm 229 16 80 95 8000000 4 1  8459
chainmtm 230 16 80 95 8000000 4 1  8332
chainmtm 231 16 80 95 8000000 4 1  8204
chainmtm 232 32 80 95 8000000 4 1  9611
chainmtm 233 32 80 95 8000000 4 1  10178
chainmtm 234 32 80 95 8000000 4 1  7038
chainmtm 235 1 40 95 8000000 4 1  7550
chainmtm 236 1 40 95 8000000 4 1  7481
chainmtm 237 1 40 95 8000000 4 1  7555
chainmtm 238 2 40 95 8000000 4 1  11334
chainmtm 239 2 40 95 8000000 4 1  10702
chainmtm 240 2 40 95 8000000 4 1  10221
chainmtm 241 4 40 95 8000000 4 1  15220
chainmtm 242 4 40 95 8000000 4 1  15989
chainmtm 243 4 40 95 8000000 4 1  16080
chainmtm 244 8 40 95 8000000 4 1  19751
chainmtm 245 8 40 95 8000000 4 1  21775
chainmtm 246 8 40 95 8000000 4 1  21430
chainmtm 247 16 40 95 8000000 4 1  21545
chainmtm 248 16 40 95 8000000 4 1  18834
chainmtm 249 16 40 95 8000000 4 1  20677
chainmtm 250 32 40 95 8000000 4 1  25829
chainmtm 251 32 40 95 8000000 4 1  26106
chainmtm 252 32 40 95 8000000 4 1  24060
chainmtm 253 1 10 95 8000000 4 1  9494
chainmtm 254 1 10 95 8000000 4 1  9897
chainmtm 255 1 10 95 8000000 4 1  9876
chainmtm 256 2 10 95 8000000 4 1  17108
chainmtm 257 2 10 95 8000000 4 1  17068
chainmtm 258 2 10 95 8000000 4 1  17071
chainmtm 259 4 10 95 8000000 4 1  33920
chainmtm 260 4 10 95 8000000 4 1  32766
chainmtm 261 4 10 95 8000000 4 1  33764
chainmtm 262 8 10 95 8000000 4 1  58769
chainmtm 263 8 10 95 8000000 4 1  57724
chainmtm 264 8 10 95 8000000 4 1  56868
chainmtm 265 16 10 95 8000000 4 1  54290
chainmtm 266 16 10 95 8000000 4 1  57424
chainmtm 267 16 10 95 8000000 4 1  60023
chainmtm 268 32 10 95 8000000 4 1  74570
chainmtm 269 32 10 95 8000000 4 1  73588
chainmtm 270 32 10 95 8000000 4 1  74913
chainmtm 271 1 0 95 8000000 4 1  12047
chainmtm 272 1 0 95 8000000 4 1  10582
chainmtm 273 1 0 95 8000000 4 1  10610
chainmtm 274 2 0 95 8000000 4 1  20033
chainmtm 275 2 0 95 8000000 4 1  20111
chainmtm 276 2 0 95 8000000 4 1  19971
chainmtm 277 4 0 95 8000000 4 1  41041
chainmtm 278 4 0 95 8000000 4 1  40835
chainmtm 279 4 0 95 8000000 4 1  41037
chainmtm 280 8 0 95 8000000 4 1  79339
chainmtm 281 8 0 95 8000000 4 1  79303
chainmtm 282 8 0 95 8000000 4 1  74034
chainmtm 283 16 0 95 8000000 4 1  122186
chainmtm 284 16 0 95 8000000 4 1  120220
chainmtm 285 16 0 95 8000000 4 1  122787
chainmtm 286 32 0 95 8000000 4 1  165866
chainmtm 287 32 0 95 8000000 4 1  166062
chainmtm 288 32 0 95 8000000 4 1  166542
