hopd 1 1 80 0 8000000 4 1  75144
hopd 2 1 80 0 8000000 4 1  70578
hopd 3 1 80 0 8000000 4 1  75200
hopd 4 2 80 0 8000000 4 1  19076
hopd 5 2 80 0 8000000 4 1  18136
hopd 6 2 80 0 8000000 4 1  18639
hopd 7 4 80 0 8000000 4 1  12180
hopd 8 4 80 0 8000000 4 1  11997
hopd 9 4 80 0 8000000 4 1  12179
hopd 10 8 80 0 8000000 4 1  4409
hopd 11 8 80 0 8000000 4 1  6810
hopd 12 8 80 0 8000000 4 1  4675
hopd 13 16 80 0 8000000 4 1  3244
hopd 14 16 80 0 8000000 4 1  2838
hopd 15 16 80 0 8000000 4 1  3009
hopd 16 32 80 0 8000000 4 1  2743
hopd 17 32 80 0 8000000 4 1  2727
hopd 18 32 80 0 8000000 4 1  2741
hopd 19 1 40 0 8000000 4 1  105326
hopd 20 1 40 0 8000000 4 1  107733
hopd 21 1 40 0 8000000 4 1  107459
hopd 22 2 40 0 8000000 4 1  31298
hopd 23 2 40 0 8000000 4 1  34513
hopd 24 2 40 0 8000000 4 1  37354
hopd 25 4 40 0 8000000 4 1  28341
hopd 26 4 40 0 8000000 4 1  24287
hopd 27 4 40 0 8000000 4 1  28512
hopd 28 8 40 0 8000000 4 1  10539
hopd 29 8 40 0 8000000 4 1  10262
hopd 30 8 40 0 8000000 4 1  10527
hopd 31 16 40 0 8000000 4 1  8006
hopd 32 16 40 0 8000000 4 1  7157
hopd 33 16 40 0 8000000 4 1  7372
hopd 34 32 40 0 8000000 4 1  6938
hopd 35 32 40 0 8000000 4 1  6737
hopd 36 32 40 0 8000000 4 1  6891
hopd 37 1 10 0 8000000 4 1  157708
hopd 38 1 10 0 8000000 4 1  157763
hopd 39 1 10 0 8000000 4 1  153771
hopd 40 2 10 0 8000000 4 1  56549
hopd 41 2 10 0 8000000 4 1  87150
hopd 42 2 10 0 8000000 4 1  116569
hopd 43 4 10 0 8000000 4 1  121166
hopd 44 4 10 0 8000000 4 1  51164
hopd 45 4 10 0 8000000 4 1  87535
hopd 46 8 10 0 8000000 4 1  42291
hopd 47 8 10 0 8000000 4 1  43946
hopd 48 8 10 0 8000000 4 1  80555
hopd 49 16 10 0 8000000 4 1  35295
hopd 50 16 10 0 8000000 4 1  41776
hopd 51 16 10 0 8000000 4 1  36119
hopd 52 32 10 0 8000000 4 1  31384
hopd 53 32 10 0 8000000 4 1  31380
hopd 54 32 10 0 8000000 4 1  32083
hopd 55 1 0 0 8000000 4 1  174399
hopd 56 1 0 0 8000000 4 1  154570
hopd 57 1 0 0 8000000 4 1  174784
hopd 58 2 0 0 8000000 4 1  289838
hopd 59 2 0 0 8000000 4 1  289702
hopd 60 2 0 0 8000000 4 1  300916
hopd 61 4 0 0 8000000 4 1  617651
hopd 62 4 0 0 8000000 4 1  635607
hopd 63 4 0 0 8000000 4 1  622595
hopd 64 8 0 0 8000000 4 1  1121516
hopd 65 8 0 0 8000000 4 1  1065425
hopd 66 8 0 0 8000000 4 1  1109099
hopd 67 16 0 0 8000000 4 1  1783489
hopd 68 16 0 0 8000000 4 1  1868764
hopd 69 16 0 0 8000000 4 1  1711439
hopd 70 32 0 0 8000000 4 1  2130685
hopd 71 32 0 0 8000000 4 1  2135135
hopd 72 32 0 0 8000000 4 1  2137366
hopd 73 1 80 13 8000000 4 1  18776
hopd 74 1 80 13 8000000 4 1  13108
hopd 75 1 80 13 8000000 4 1  15866
hopd 76 2 80 13 8000000 4 1  21157
hopd 77 2 80 13 8000000 4 1  14393
hopd 78 2 80 13 8000000 4 1  18732
hopd 79 4 80 13 8000000 4 1  16373
hopd 80 4 80 13 8000000 4 1  16485
hopd 81 4 80 13 8000000 4 1  11822
hopd 82 8 80 13 8000000 4 1  15890
hopd 83 8 80 13 8000000 4 1  9327
hopd 84 8 80 13 8000000 4 1  8844
hopd 85 16 80 13 8000000 4 1  13588
hopd 86 16 80 13 8000000 4 1  13533
hopd 87 16 80 13 8000000 4 1  12982
hopd 88 32 80 13 8000000 4 1  20788
hopd 89 32 80 13 8000000 4 1  20353
hopd 90 32 80 13 8000000 4 1  20888
hopd 91 1 40 13 8000000 4 1  23083
hopd 92 1 40 13 8000000 4 1  23006
hopd 93 1 40 13 8000000 4 1  22913
hopd 94 2 40 13 8000000 4 1  35864
hopd 95 2 40 13 8000000 4 1  36291
hopd 96 2 40 13 8000000 4 1  36337
hopd 97 4 40 13 8000000 4 1  37392
hopd 98 4 40 13 8000000 4 1  37992
hopd 99 4 40 13 8000000 4 1  43237
hopd 100 8 40 13 8000000 4 1  40646
hopd 101 8 40 13 8000000 4 1  40783
hopd 102 8 40 13 8000000 4 1  21097
hopd 103 16 40 13 8000000 4 1  27461
hopd 104 16 40 13 8000000 4 1  27841
hopd 105 16 40 13 8000000 4 1  28693
hopd 106 32 40 13 8000000 4 1  43758
hopd 107 32 40 13 8000000 4 1  44758
hopd 108 32 40 13 8000000 4 1  43669
hopd 109 1 10 13 8000000 4 1  22208
hopd 110 1 10 13 8000000 4 1  22659
hopd 111 1 10 13 8000000 4 1  22410
hopd 112 2 10 13 8000000 4 1  39717
hopd 113 2 10 13 8000000 4 1  39476
hopd 114 2 10 13 8000000 4 1  39377
hopd 115 4 10 13 8000000 4 1  68984
hopd 116 4 10 13 8000000 4 1  63150
hopd 117 4 10 13 8000000 4 1  44654
hopd 118 8 10 13 8000000 4 1  61492
hopd 119 8 10 13 8000000 4 1  63928
hopd 120 8 10 13 8000000 4 1  61396
hopd 121 16 10 13 8000000 4 1  75565
hopd 122 16 10 13 8000000 4 1  71780
hopd 123 16 10 13 8000000 4 1  73336
hopd 124 32 10 13 8000000 4 1  103040
hopd 125 32 10 13 8000000 4 1  102808
hopd 126 32 10 13 8000000 4 1  102299
hopd 127 1 0 13 8000000 4 1  23598
hopd 128 1 0 13 8000000 4 1  23739
hopd 129 1 0 13 8000000 4 1  23562
hopd 130 2 0 13 8000000 4 1  44365
hopd 131 2 0 13 8000000 4 1  43965
hopd 132 2 0 13 8000000 4 1  43186
hopd 133 4 0 13 8000000 4 1  74208
hopd 134 4 0 13 8000000 4 1  85720
hopd 135 4 0 13 8000000 4 1  78770
hopd 136 8 0 13 8000000 4 1  172588
hopd 137 8 0 13 8000000 4 1  143601
hopd 138 8 0 13 8000000 4 1  148393
hopd 139 16 0 13 8000000 4 1  253319
hopd 140 16 0 13 8000000 4 1  243827
hopd 141 16 0 13 8000000 4 1  236623
hopd 142 32 0 13 8000000 4 1  330936
hopd 143 32 0 13 8000000 4 1  332911
hopd 144 32 0 13 8000000 4 1  330341
hopd 145 1 80 50 8000000 4 1  14110
hopd 146 1 80 50 8000000 4 1  13970
hopd 147 1 80 50 8000000 4 1  12961
hopd 148 2 80 50 8000000 4 1  13863
hopd 149 2 80 50 8000000 4 1  17523
hopd 150 2 80 50 8000000 4 1  16682
hopd 151 4 80 50 8000000 4 1  16644
hopd 152 4 80 50 8000000 4 1  19147
hopd 153 4 80 50 8000000 4 1  18108
hopd 154 8 80 50 8000000 4 1  15173
hopd 155 8 80 50 8000000 4 1  8217
hopd 156 8 80 50 8000000 4 1  7807
hopd 157 16 80 50 8000000 4 1  11827
hopd 158 16 80 50 8000000 4 1  12182
hopd 159 16 80 50 8000000 4 1  11997
hopd 160 32 80 50 8000000 4 1  20436
hopd 161 32 80 50 8000000 4 1  19363
hopd 162 32 80 50 8000000 4 1  20640
hopd 163 1 40 50 8000000 4 1  14459
hopd 164 1 40 50 8000000 4 1  17336
hopd 165 1 40 50 8000000 4 1  16888
hopd 166 2 40 50 8000000 4 1  28347
hopd 167 2 40 50 8000000 4 1  17786
hopd 168 2 40 50 8000000 4 1  17244
hopd 169 4 40 50 8000000 4 1  39725
hopd 170 4 40 50 8000000 4 1  18575
hopd 171 4 40 50 8000000 4 1  19973
hopd 172 8 40 50 8000000 4 1  21183
hopd 173 8 40 50 8000000 4 1  40308
hopd 174 8 40 50 8000000 4 1  21501
hopd 175 16 40 50 8000000 4 1  27170
hopd 176 16 40 50 8000000 4 1  27657
hopd 177 16 40 50 8000000 4 1  27444
hopd 178 32 40 50 8000000 4 1  43070
hopd 179 32 40 50 8000000 4 1  42993
hopd 180 32 40 50 8000000 4 1  42633
hopd 181 1 10 50 8000000 4 1  20110
hopd 182 1 10 50 8000000 4 1  20268
hopd 183 1 10 50 8000000 4 1  20064
hopd 184 2 10 50 8000000 4 1  35339
hopd 185 2 10 50 8000000 4 1  37557
hopd 186 2 10 50 8000000 4 1  35661
hopd 187 4 10 50 8000000 4 1  65078
hopd 188 4 10 50 8000000 4 1  43591
hopd 189 4 10 50 8000000 4 1  66874
hopd 190 8 10 50 8000000 4 1  55075
hopd 191 8 10 50 8000000 4 1  56246
hopd 192 8 10 50 8000000 4 1  53813
hopd 193 16 10 50 8000000 4 1  72051
hopd 194 16 10 50 8000000 4 1  73520
hopd 195 16 10 50 8000000 4 1  72755
hopd 196 32 10 50 8000000 4 1  98210
hopd 197 32 10 50 8000000 4 1  98245
hopd 198 32 10 50 8000000 4 1  100321
hopd 199 1 0 50 8000000 4 1  20912
hopd 200 1 0 50 8000000 4 1  22698
hopd 201 1 0 50 8000000 4 1  22481
hopd 202 2 0 50 8000000 4 1  44326
hopd 203 2 0 50 8000000 4 1  42849
hopd 204 2 0 50 8000000 4 1  34285
hopd 205 4 0 50 8000000 4 1  65523
hopd 206 4 0 50 8000000 4 1  75508
hopd 207 4 0 50 8000000 4 1  69005
hopd 208 8 0 50 8000000 4 1  128478
hopd 209 8 0 50 8000000 4 1  133717
hopd 210 8 0 50 8000000 4 1  152354
hopd 211 16 0 50 8000000 4 1  207699
hopd 212 16 0 50 8000000 4 1  216600
hopd 213 16 0 50 8000000 4 1  201767
hopd 214 32 0 50 8000000 4 1  307440
hopd 215 32 0 50 8000000 4 1  308131
hopd 216 32 0 50 8000000 4 1  308173
hopd 217 1 80 95 8000000 4 1  8063
hopd 218 1 80 95 8000000 4 1  7962
hopd 219 1 80 95 8000000 4 1  8124
hopd 220 2 80 95 8000000 4 1  9625
hopd 221 2 80 95 8000000 4 1  10761
hopd 222 2 80 95 8000000 4 1  8459
hopd 223 4 80 95 8000000 4 1  11959
hopd 224 4 80 95 8000000 4 1  12213
hopd 225 4 80 95 8000000 4 1  12349
hopd 226 8 80 95 8000000 4 1  14695
hopd 227 8 80 95 8000000 4 1  14833
hopd 228 8 80 95 8000000 4 1  7465
hopd 229 16 80 95 8000000 4 1  10605
hopd 230 16 80 95 8000000 4 1  10648
hopd 231 16 80 95 8000000 4 1  10501
hopd 232 32 80 95 8000000 4 1  19045
hopd 233 32 80 95 8000000 4 1  18775
hopd 234 32 80 95 8000000 4 1  18085
hopd 235 1 40 95 8000000 4 1  14198
hopd 236 1 40 95 8000000 4 1  12776
hopd 237 1 40 95 8000000 4 1  12966
hopd 238 2 40 95 8000000 4 1  20869
hopd 239 2 40 95 8000000 4 1  20745
hopd 240 2 40 95 8000000 4 1  19833
hopd 241 4 40 95 8000000 4 1  15763
hopd 242 4 40 95 8000000 4 1  30156
hopd 243 4 40 95 8000000 4 1  30215
hopd 244 8 40 95 8000000 4 1  35750
hopd 245 8 40 95 8000000 4 1  35523
hopd 246 8 40 95 8000000 4 1  35831
hopd 247 16 40 95 8000000 4 1  23591
hopd 248 16 40 95 8000000 4 1  22954
hopd 249 16 40 95 8000000 4 1  22974
hopd 250 32 40 95 8000000 4 1  34983
hopd 251 32 40 95 8000000 4 1  34794
hopd 252 32 40 95 8000000 4 1  35852
hopd 253 1 10 95 8000000 4 1  16868
hopd 254 1 10 95 8000000 4 1  10251
hopd 255 1 10 95 8000000 4 1  16670
hopd 256 2 10 95 8000000 4 1  31010
hopd 257 2 10 95 8000000 4 1  31235
hopd 258 2 10 95 8000000 4 1  31113
hopd 259 4 10 95 8000000 4 1  58738
hopd 260 4 10 95 8000000 4 1  58492
hopd 261 4 10 95 8000000 4 1  58878
hopd 262 8 10 95 8000000 4 1  89180
hopd 263 8 10 95 8000000 4 1  61260
hopd 264 8 10 95 8000000 4 1  89182
hopd 265 16 10 95 8000000 4 1  69658
hopd 266 16 10 95 8000000 4 1  67597
hopd 267 16 10 95 8000000 4 1  66000
hopd 268 32 10 95 8000000 4 1  88582
hopd 269 32 10 95 8000000 4 1  88803
hopd 270 32 10 95 8000000 4 1  89308
hopd 271 1 0 95 8000000 4 1  18122
hopd 272 1 0 95 8000000 4 1  18405
hopd 273 1 0 95 8000000 4 1  11137
hopd 274 2 0 95 8000000 4 1  23401
hopd 275 2 0 95 8000000 4 1  27931
hopd 276 2 0 95 8000000 4 1  36059
hopd 277 4 0 95 8000000 4 1  65122
hopd 278 4 0 95 8000000 4 1  54184
hopd 279 4 0 95 8000000 4 1  51022
hopd 280 8 0 95 8000000 4 1  112965
hopd 281 8 0 95 8000000 4 1  99404
hopd 282 8 0 95 8000000 4 1  98727
hopd 283 16 0 95 8000000 4 1  187792
hopd 284 16 0 95 8000000 4 1  178133
hopd 285 16 0 95 8000000 4 1  182119
hopd 286 32 0 95 8000000 4 1  248093
hopd 287 32 0 95 8000000 4 1  250222
hopd 288 32 0 95 8000000 4 1  248643
