chainmtm 1 32 80 0 8000000 4 1  3133
chainmtm 2 32 80 0 8000000 4 1  3109
chainmtm 3 32 80 0 8000000 4 1  3090
chainmtm 4 32 40 0 8000000 4 1  7726
chainmtm 5 32 40 0 8000000 4 1  7724
chainmtm 6 32 40 0 8000000 4 1  7572
chainmtm 7 32 10 0 8000000 4 1  34457
chainmtm 8 32 10 0 8000000 4 1  33900
chainmtm 9 32 10 0 8000000 4 1  33325
chainmtm 10 32 80 50 8000000 4 1  12066
chainmtm 11 32 80 50 8000000 4 1  11944
chainmtm 12 32 80 50 8000000 4 1  12007
chainmtm 13 32 40 50 8000000 4 1  24010
chainmtm 14 32 40 50 8000000 4 1  27376
chainmtm 15 32 40 50 8000000 4 1  28000
chainmtm 16 32 10 50 8000000 4 1  80625
chainmtm 17 32 10 50 8000000 4 1  79825
chainmtm 18 32 10 50 8000000 4 1  81444
chainmmtm 19 32 80 0 8000000 4 1  3105
chainmmtm 20 32 80 0 8000000 4 1  3147
chainmmtm 21 32 80 0 8000000 4 1  3155
chainmmtm 22 32 40 0 8000000 4 1  7687
chainmmtm 23 32 40 0 8000000 4 1  7577
chainmmtm 24 32 40 0 8000000 4 1  7654
chainmmtm 25 32 10 0 8000000 4 1  34177
chainmmtm 26 32 10 0 8000000 4 1  33789
chainmmtm 27 32 10 0 8000000 4 1  34336
chainmmtm 28 32 80 50 8000000 4 1  11604
chainmmtm 29 32 80 50 8000000 4 1  11373
chainmmtm 30 32 80 50 8000000 4 1  11617
chainmmtm 31 32 40 50 8000000 4 1  26361
chainmmtm 32 32 40 50 8000000 4 1  26723
chainmmtm 33 32 40 50 8000000 4 1  26909
chainmmtm 34 32 10 50 8000000 4 1  75610
chainmmtm 35 32 10 50 8000000 4 1  73956
chainmmtm 36 32 10 50 8000000 4 1  64498
chainpre 37 32 80 0 8000000 4 1  3684
chainpre 38 32 80 0 8000000 4 1  3680
chainpre 39 32 80 0 8000000 4 1  3684
chainpre 40 32 40 0 8000000 4 1  8785
chainpre 41 32 40 0 8000000 4 1  8737
chainpre 42 32 40 0 8000000 4 1  8667
chainpre 43 32 10 0 8000000 4 1  39392
chainpre 44 32 10 0 8000000 4 1  40572
chainpre 45 32 10 0 8000000 4 1  39854
chainpre 46 32 80 50 8000000 4 1  12786
chainpre 47 32 80 50 8000000 4 1  12572
chainpre 48 32 80 50 8000000 4 1  12690
chainpre 49 32 40 50 8000000 4 1  26709
chainpre 50 32 40 50 8000000 4 1  27820
chainpre 51 32 40 50 8000000 4 1  27088
chainpre 52 32 10 50 8000000 4 1  78750
chainpre 53 32 10 50 8000000 4 1  77988
chainpre 54 32 10 50 8000000 4 1  78426
